1,0.075,19987,20955
1,0.775,21923,22407
0,0.6625,22891
1,0.34375,23858,24342
1,0.3125,24826,25310
1,0.53125,25794,26762
0,0.675,27246
0,0.75625,27729
1,0.39375,28697,29181
1,0.13125,29665,30149
1,0.43125,30633,31117
0,0.775,31600
1,0.54375,32568,33052
1,0.2625,33536,34504
0,0.7875,35471
1,0.5125,36439,37407
0,0.8,38375
1,0.53125,39342,40794
1,0.025,41278,42246
1,0.3375,43213,44665
0,0.23125,45633
0,0.03125,46600
1,0.14375,47084,47568
0,0.30625,48052
0,0.45625,48536
1,0.60625,49020,50472
0,0.68125,50955
1,0.76875,51439,52407
1,0.45625,53375,53859
0,0.63125,54342
1,0.55625,54826,56278
1,0,56762,58214
1,0.14375,58697,59181
0,0.49375,59665
1,0.575,60633,61117
0,0.71875,61600
0,0.8,62084
1,0.75,62568,63536
1,0.31875,64504,65472
0,0.2375,65955
1,0.3875,66439,66923
0,0.5125,67407
0,0.6875,67891
1,0.66875,68375,68859
1,0.45625,69342,69826
1,0.1125,70310,71278
0,0.08125,71762
1,0.2625,72246,72730
1,0.56875,73213,73697
1,0.2375,74181,74665
1,0.4,75149,75633
1,0.275,76117,77085
0,0.4625,77568
1,0.65,78052,79020
0,0.48125,79504
1,0.3125,79987,80471
1,0.21875,80955,81439
1,0.3875,81923,82891
0,0.25625,83375
1,0.39375,83858,84826
0,0.2375,85310
0,0.1,85794
1,0.25625,86278,87246
1,0.35,87729,88213
0,0.425,88697
0,0.59375,89181
0,0.7375,89665
1,0.56875,90149,91117
0,0.7,91600
1,0.5375,92084,93052
1,0.43125,93536,94020
0,0.11875,94504
0,0.03125,94987
1,0.0125,95471,96439
1,0.04375,110955,112407
1,0.225,112891,113375
0,0.5125,113858
0,0.61875,114342
0,0.7875,114826
1,0.63125,115310,116278
1,0.48125,116762,117246
1,0.3,117729,118213
1,0.2375,118697,119665
0,0.41875,120149
1,0.3875,120633,121117
1,0.54375,121600,122084
1,0.46875,122568,123052
0,0.65625,123536
0,0.7875,124020
1,0.68125,124504,124988
1,0.50625,125471,125955
0,0.15,126439
1,0.03125,126923,127407
1,0.2125,127891,128133
1,0.2625,136117,136601
0,0.325,137084
0,0.475,137568
1,0.6625,138052,139020
0,0.45625,139504
1,0.3125,139987,140955
0,0.43125,141439
1,0.28125,141923,142891
0,0.425,143375
1,0.5875,143858,144342
1,0.41875,144826,145310
1,0.26875,145794,146278
1,0.05625,146762,147246
1,0.3125,147729,149181
1,0.753125,149665,151117
0,0.13125,151600
0,0.28125,152568
0,0.1875,153052
1,0.325,153536,154504
0,0.7875,155471
0,0.525,156439
1,0.2375,157407,158375
0,0.35,158858
0,0.4625,159342
0,0.2421875,160310
0,0.5515625,161278
0,0.7703125,162246
1,0.125,169020,171924
0,0.53125,172891
0,0.4625,173858
1,0.24375,174826,175310
1,0.1,175794,176278
1,0.06875,182568,183536
0,0.1875,184020
1,0.3125,184504,185472
0,0.79375,185955
1,0.65,186439,186923
1,0.31875,187407,187891
0,0,188375
1,0.18125,188858,189826
1,0.36875,190310,191278
0,0.3625,191762
1,0.20625,192246,193214
0,0.38125,193697
1,0.56875,194181,195149
0,0.44375,195633
1,0.25625,196117,196601
1,0.2,197084,197568
1,0.3875,198052,198536
0,0.46875,199020
0,0.625,199504
1,0.78125,199987,200471
1,0.6,200955,201439
1,0.45625,201923,203375
0,0.61875,203858
0,0.71875,204342
1,0.58125,204826,205310
1,0.225,205794,206278
1,0.26875,206762,207246
1,0.45625,207729,208213
0,0.58125,208697
0,0.40625,209181
1,0.24375,209665,210149
0,0.3,210633
0,0.475,211117
1,0.65,211600,213536
