1,0.25,2954,3600
0,0.60625,3922
1,0.653125,4244,4567
0,0.5109375,4890
0,0.371875,5212
1,0.23125,5535,6181
0,0.3265625,6503
1,0.471875,6825,7148
1,0.7609375,7470,7793
1,0.709375,8115,8761
0,0.3203125,9083
1,0.19375,9406,9729
1,0.28125,10051,10374
1,0.5671875,10696,11342
0,0.4546875,11664
1,0.340625,11986,12632
0,0.20625,12954
1,0.0609375,13277,13923
0,0.2515625,14244
1,0.3921875,14567,15213
0,0.428125,15535
1,0.4265625,15857,16503
1,0.309375,17148,17794
1,0.6234375,18438,19084
0,0.7484375,19728
0,0.603125,20051
0,0.4578125,20373
0,0.3125,20696
1,0.1890625,21019,21987
0,0.3125,22309
0,0.31875,22632
0,0.18125,22954
1,0.4328125,23599,23922
1,0.7171875,24244,25212
1,0.575,25535,25858
1,0.284375,26180,26826
0,0.3875,27148
1,0.2796875,27470,28116
0,0.365625,28438
1,0.4984375,28761,29407
0,0.4734375,29728
1,0.334375,30051,30697
0,0.0171875,31019
1,0.115625,31341,32309
1,0.0171875,32632,32955
1,0.175,33277,33600
0,0.4578125,33922
0,0.603125,34244
0,0.6609375,34567
0,0.5734375,34890
1,0.4265625,35212,35535
1,0.18125,35857,36180
1,0.0546875,36503,37149
0,0.4703125,37470
1,0.55625,37793,38116
1,0.775,38438,38761
1,0.6203125,39083,39729
0,0.3046875,40051
1,0.1609375,40373,40696
0,0.2453125,41019
0,0.3859375,41341
1,0.5234375,41664,42310
0,0.5078125,42632
1,0.4953125,42954,43277
1,0.775,43599,43922
1,0.6109375,44244,44890
0,0.215625,45212
1,0.071875,45535,46181
0,0.015625,46503
1,0.1171875,46825,47148
1,0.3984375,47470,48438
0,0.3109375,48761
0,0.3984375,49083
1,0.54375,49406,49729
1,0.509375,50051,51019
0,0.65,51341
1,0.5078125,51986,52632
0,0.075,52954
1,0.0125,53277,53600
1,0.1578125,53922,54245
1,0.4453125,54567,55213
0,0.3515625,55535
1,0.2125,55857,56503
0,0.2375,56825
0,0.153125,57148
0,0.4,62309
0,0.4,63599
0,0.4,64890
0,0.5140625,65212
0,0.65625,65535
0,0.7484375,65857
0,0.7203125,66180
1,0.4,66986,67148
1,0.346875,67470,68116
0,0.01875,68438
1,0.09375,68761,69084
0,0.3234375,69406
0,0.4546875,69728
1,0.56875,70051,70697
0,0.4609375,71019
1,0.35,71341,71987
0,0.45625,72309
1,0.5890625,72632,73278
0,0.4046875,73599
1,0.2734375,73922,74245
1,0.075,74567,74890
0,0.2484375,75212
1,0.359375,75535,76181
0,0.2625,76503
0,0.240625,76825
0,0.371875,77148
0,0.4328125,77470
1,0.5640625,77793,78439
0,0.6421875,78761
1,0.5390625,79083,79406
1,0.2921875,79728,80051
1,0.009375,80373,81019
0,0.034375,81341
1,0.090625,81664,81987
1,0.3375,82309,82632
0,0.634375,82954
1,0.7265625,83277,83600
0,0.5640625,83922
1,0.434375,84244,84567
1,0.1390625,84890,85213
0,0.2359375,85535
1,0.375,85857,86503
0,0.3046875,86825
0,0.303125,87148
0,0.41875,87470
0,0.5640625,87793
