1,0.05,7639,9057
1,0.425,9528,10946
0,0.3875,11418
0,0.5125,11891
0,0.6375,12363
1,0.5125,12835,13308
1,0.4,13780,14253
1,0.125,14489,14962
0,0.175,15198
0,0.3,15670
0,0.425,16142
1,0.3,16615,18033
0,0.4,18505
1,0.5625,18977,19922
0,0.4,20394
1,0.2375,20867,21812
1,0.3125,22048,22521
1,0.3125,22757,23230
1,0.4890625,23702,24175
1,0.6375,24646,25119
1,0.3125,25591,26064
0,0.2375,26536
0,0.4,27009
0,0.5625,27481
0,0.4,27954
1,0.4875,28426,28899
0,0.4,29135
1,0.3125,29371,29844
1,0.475,37875,38112
1,0.340625,38347,38584
0,0.55,38820
0,0.4,39292
1,0.2125,39765,40002
1,0.10625,40237,40474
0,0.1578125,40709
0,0.3625,41182
1,0.33125,41654,41891
1,0.459375,42126,42363
0,0.2421875,42599
0,0.403125,43071
1,0.6125,43544,43781
1,0.7171875,44016,44253
0,0.6578125,44488
0,0.45,44961
0,0.4,45434
0,0.3125,45670
0,0.225,45906
0,0.4,46379
0,0.4875,46615
0,0.575,46851
1,0.4875,47324,47797
1,0.3125,48268,48741
0,0.4,49213
0,0.1328125,49922
0,0.1328125,50158
0,0.4015625,50867
0,0.4015625,51103
0,0.66875,51812
0,0.66875,52048
0,0.6140625,52520
1,0.75,52993,54411
1,0.375,54882,56300
0,0.3875,56772
0,0.2625,57245
0,0.1375,57717
0,0.0125,58190
1,0.0125,58662,58899
1,0.15,59135,59372
1,0.3125,59607,59844
1,0.4625,60080,60317
0,0.675,60552
0,0.575,61024
0,0.625,61497
0,0.45,61969
0,0.425,62442
0,0.55,62914
1,0.425,63387,63860
1,0.4,64331,64804
0,0.4,65276
0,0.4625,65513
0,0.525,65749
1,0.6375,66221,66694
1,0.325,67166,67875
0,0.1875,68111
0,0.3,68583
0,0.4,69056
0,0.5125,69528
0,0.6125,70001
0,0.4875,70473
0,0.3125,70946
0,0.4,71418
0,0.4,71891
0,0.5125,72363
0,0.2875,72836
0,0.1875,73308
0,0.3125,73781
0,0.4875,74253
0,0.6125,74726
0,0.4,75198
1,0.325,83229,83466
1,0.459375,83701,83938
0,0.25,84174
0,0.4,84646
1,0.5875,85119,85356
1,0.69375,85591,85828
0,0.6421875,86063
0,0.4375,86536
1,0.46875,87008,87245
1,0.340625,87480,87717
0,0.5578125,87953
0,0.396875,88425
1,0.1875,88898,89135
1,0.0828125,89370,89607
0,0.1421875,89842
0,0.35,90315
0,0.4,90788
0,0.4875,91024
0,0.575,91260
0,0.4,91733
0,0.3125,91969
0,0.225,92205
1,0.3125,92678,93151
1,0.4875,93622,94095
0,0.25,94567
0,0.5625,95276
0,0.5625,95512
0,0.5625,96221
0,0.5625,96457
0,0.25,97166
0,0.25,97402
1,0.4,97875,98348
1,0.4,98820,99293
0,0.4,99765
1,0.6125,100237,100474
1,0.7171875,100709,100946
0,0.6671875,101181
1,0.4,101654,102127
1,0.4,102599,103072
0,0.4,103544
1,0.2125,104016,104253
1,0.10625,104488,104725
0,0.1609375,104960
0,0.4,105434
0,0.3125,105670
0,0.225,105906
0,0.4,106379
0,0.4875,106615
0,0.575,106851
0,0.4,107324
1,0.3125,107796,108269
1,0.4875,108740,109213
0,0.2421875,109685
0,0.5546875,110394
0,0.5546875,110630
0,0.5546875,111339
0,0.5546875,111575
0,0.2421875,112284
0,0.2421875,112520
0,0.4,112992
1,0.4,113465,114883
1,0.15,115355,116773
1,0.4,117245,118663
1,0.65,119135,120553
0,0.4,121024
0,0.3125,121497
0,0.4875,121969
1,0.6625,122442,122915
0,0.4875,123387
0,0.4,123859
0,0.3125,124331
1,0.1375,124804,125277
0,0.1375,125749
0,0.2625,126221
1,0.3375,130472,130709
1,0.45,130945,131182
0,0.2375,131417
0,0.4,131890
1,0.60625,132362,132599
1,0.709375,132834,133071
0,0.65625,133306
0,0.4453125,133779
1,0.4609375,134252,134489
1,0.3453125,134724,134961
0,0.55625,135197
0,0.4,135669
1,0.19375,136142,136379
1,0.090625,136614,136851
0,0.14375,137086
0,0.3546875,137559
0,0.4,138031
0,0.4875,138267
0,0.575,138503
0,0.4,138976
0,0.3125,139212
0,0.225,139448
1,0.3125,139921,140394
1,0.484375,140865,141338
0,0.4,141810
0,0.6375,142519
0,0.6375,142755
0,0.4,143464
0,0.4,143700
0,0.1625,144409
0,0.1625,144645
0,0.4,145117
1,0.4625,145590,145827
1,0.3375,146063,146300
0,0.5375,146535
0,0.4,147008
1,0.2,147480,147717
1,0.096875,147952,148189
0,0.15,148424
0,0.3625,148897
1,0.3375,149370,149607
1,0.45,149842,150079
0,0.2375,150315
0,0.4,150787
1,0.6125,151260,151497
1,0.715625,151732,151969
0,0.6625,152204
0,0.4515625,152677
0,0.3890625,153149
0,0.3015625,153385
0,0.2140625,153621
0,0.3890625,154094
0,0.4765625,154330
0,0.5640625,154566
1,0.4765625,155039,155512
1,0.3046875,155983,156456
0,0.2375,156928
0,0.55,157637
0,0.55,157873
0,0.5625,158582
0,0.5625,158818
0,0.25,159527
0,0.25,159763
0,0.4,160235
0,0.4,160472
0,0.4,160708
1,0.225,161181,161654
1,0.2875,162126,162599
1,0.5875,163071,163544
0,0.4,164016
0,0.4,164252
0,0.4,164488
1,0.4,164960,165433
1,0.4,165905,166378
0,0.4,166614
1,0.4,166850,167323
1,0.575,167795,168268
1,0.7171875,168740,169213
1,0.4796875,169685,170158
1,0.3125,170630,171103
1,0.225,171575,172048
1,0.225,172756,172993
1,0.6,173701,173938
1,0.6,174645,174882
0,0.4,175354
