0,0.6796875,10626
0,0.565625,10793
0,0.6875,10960
1,0.55,11126,11626
0,0.0375,12126
1,0.04375,12292,12626
0,0.059375,12960
1,0.059375,13126,13460
0,0.203125,13626
1,0.3375,13793,14793
0,0.35,15126
1,0.3640625,15293,15460
1,0.5390625,15626,15789
1,0.6671875,15960,16123
0,0.8,16293
1,0.784375,16460,17127
1,0.3046875,17793,18460
1,0.628125,19126,19460
1,0.2296875,19793,20127
1,0.525,20460,20627
1,0.275,20793,20960
1,0.3625,21126,21293
1,0.30625,21460,21623
1,0.1859375,21793,22044
0,0.059375,22126
0,0.1515625,22293
0,0.2859375,22459
0,0.29375,22626
1,0.4421875,22793,23044
1,0.5578125,23126,23377
0,0.571875,23460
0,0.6734375,23626
0,0.571875,23793
0,0.5734375,23960
1,0.4625,24126,24377
1,0.278125,24460,24711
0,0.384375,24793
0,0.2546875,24960
0,0.1453125,25126
0,0.1953125,25293
1,0.103125,25460,25627
0,0.1765625,25793
1,0.2875,25960,26127
0,0.3828125,26293
1,0.4046875,26460,26627
0,0.4953125,26710
1,0.4953125,26793,27044
1,0.6734375,27126,27377
0,0.65,27460
0,0.5359375,27626
0,0.403125,27793
0,0.3921875,27960
1,0.24375,28126,28377
1,0.321875,28460,28711
0,0.4828125,28793
0,0.5953125,28960
0,0.7359375,29126
0,0.7484375,29293
1,0.7734375,29460,29711
1,0.740625,29793,30044
0,0.578125,30127
0,0.45625,30293
0,0.3453125,30460
0,0.30625,30626
1,0.1703125,30793,30960
0,0.0125,31126
1,0.1359375,31293,31460
0,0.2546875,31626
1,0.26875,31793,31960
0,0.5140625,32126
1,0.7765625,32460,32794
0,0.63125,32960
1,0.64375,33126,33627
1,0.6078125,33793,34294
1,0.271875,34460,34627
1,0.1734375,34793,34960
1,0.3625,35126,35460
0,0.33125,35626
1,0.3203125,35793,36294
1,0.009375,36460,36961
1,0.121875,37126,37293
1,0.2125,37460,37627
1,0.3359375,37793,38294
1,0.690625,38460,38961
1,0.7171875,39126,39627
1,0.39375,39793,39960
1,0.290625,40126,40293
1,0.1296875,40460,40961
1,0.134375,41126,41627
1,0.4640625,41793,42294
1,0.7171875,42460,42627
1,0.76875,42793,42960
1,0.5859375,43126,43290
1,0.421875,43460,43624
1,0.6,43793,44124
0,0.3296875,44293
1,0.3171875,44460,44791
0,0.0421875,44960
1,0.0328125,45126,45457
0,0.175,45626
1,0.2828125,45793,45957
1,0.471875,46126,46290
0,0.6765625,46460
1,0.6578125,46626,46957
1,0.64375,47126,47457
0,0.7359375,47626
1,0.7265625,47793,48124
0,0.4390625,48293
1,0.3375,48460,48624
1,0.228125,48793,48957
1,0.4109375,49126,49457
0,0.51875,49626
1,0.50625,49793,50124
0,0.203125,50293
1,0.19375,50460,50791
0,0.0140625,50960
1,0.146875,51126,51290
1,0.059375,51460,51624
1,0.2140625,51793,52124
0,0.5234375,52293
1,0.5109375,52460,52791
0,0.5578125,52960
1,0.5734375,53126,53457
0,0.7953125,53627
1,0.68125,53793,53957
0,0.771875,54126
0,0.7796875,54293
1,0.6484375,54460,54791
0,0.4703125,54960
1,0.4625,55126,55290
0,0.240625,55460
0,0.234375,55626
1,0.1265625,55793,56124
0,0.009375,56293
1,0.0234375,56460,56624
0,0.259375,56793
0,0.2703125,56960
1,0.3515625,57126,57457
0,0.390625,57626
1,0.3984375,57793,58124
1,0.4796875,58293,58457
0,0.7265625,58626
1,0.7125,58793,58957
1,0.653125,59126,59290
0,0.5546875,59460
0,0.54375,59626
1,0.4375,59793,60124
0,0.1609375,60293
1,0.15,60460,60624
0,0.0171875,60793
0,0.009375,60960
1,0.128125,61126,61457
0,0.334375,61626
1,0.3484375,61793,61957
0,0.5765625,62126
0,0.58125,62293
1,0.709375,62460,62791
1,0.665625,62960,63124
0,0.4546875,63293
1,0.44375,63460,63624
0,0.225,63793
0,0.06875,64126
0,0.103125,64460
0,0.34375,64793
0,0.459375,65126
0,0.4578125,65293
0,0.584375,65460
0,0.590625,65626
1,0.7046875,65793,65954
0,0.60625,66126
0,0.475,66293
1,0.36875,66460,66624
1,0.090625,66793,67043
1,0.15,67126,67458
1,0.2578125,67626,67791
1,0.403125,67960,68125
1,0.6046875,68293,68625
1,0.5828125,68793,68958
0,0.7171875,69126
1,0.740625,69293,69456
0,0.590625,69626
1,0.58125,69793,70125
1,0.196875,70293,70458
1,0.0359375,70626,70791
1,0.1890625,70960,71292
1,0.4953125,71460,71625
0,0.721875,71793
0,0.6515625,71960
0,0.6515625,72043
1,0.6515625,72126,72291
1,0.4609375,72460,72792
1,0.18125,72960,73125
1,0.046875,73293,73458
1,0.184375,73626,73958
1,0.46875,74126,74291
1,0.7109375,74460,74625
0,0.5515625,74793
0,0.55625,74960
1,0.4546875,75126,75458
0,0.3890625,75626
1,0.19375,75793,76125
1,0.20625,76293,76625
1,0.1140625,76793,76958
1,0.31875,77126,77291
0,0.275,77376
1,0.275,77460,77625
1,0.521875,77793,78016
1,0.4734375,78126,78293
1,0.3921875,78460,78792
1,0.7046875,78960,79292
0,0.7609375,79460
0,0.775,79626
1,0.6625,79793,80125
0,0.33125,80293
1,0.24375,80460,80708
1,0.28125,80793,80958
1,0.04375,81126,81458
1,0.0125,81626,81958
0,0.0234375,82126
0,0.0109375,82293
1,0.1609375,82460,82625
0,0.26875,82710
1,0.26875,82793,82958
1,0.4015625,83126,83458
0,0.75,83626
1,0.740625,83793,83958
0,0.571875,84126
1,0.490625,84293,84625
1,0.46875,84793,84958
1,0.19375,85126,85458
0,0.271875,85626
1,0.284375,85793,85958
1,0.5671875,86126,86291
1,0.3625,86460,86792
1,0.665625,86960,87292
1,0.465625,87460,87625
1,0.3140625,87793,87958
0,0.290625,88043
1,0.290625,88126,88377
0,0.1390625,88460
1,0.15625,88793,89044
1,0.1765625,89126,89460
0,0.4625,89626
1,0.5640625,89793,90069
0,0.5453125,90126
0,0.6640625,90293
0,0.578125,90459
0,0.5734375,90626
1,0.4625,90793,91069
1,0.325,91126,91402
0,0.2515625,91459
0,0.353125,91626
0,0.2703125,91793
0,0.2796875,91959
1,0.1484375,92126,92402
1,0.0171875,92459,92735
0,0.078125,92793
0,0.2046875,92959
0,0.3140625,93126
0,0.4671875,93293
1,0.5328125,93459,93643
0,0.7609375,93793
1,0.6515625,93959,94143
0,0.76875,94293
1,0.75,94460,94627
1,0.5046875,94793,95044
1,0.38125,95126,95377
0,0.4453125,95459
0,0.3734375,95626
0,0.221875,95793
0,0.228125,95959
1,0.1265625,96126,96377
1,0.05625,96459,96710
0,0.240625,96793
0,0.3546875,96959
0,0.5109375,97126
0,0.5171875,97293
1,0.5796875,97459,97710
1,0.525,97793,98044
0,0.65625,98126
0,0.7375,98293
0,0.66875,98459
0,0.6140625,98626
1,0.478125,98793,98960
1,0.25,99126,100460
1,0.7296875,111126,111290
1,0.578125,111459,111623
0,0.7171875,111793
1,0.7140625,111959,112290
1,0.4953125,112459,112790
1,0.0578125,113126,113290
1,0.190625,113459,113623
1,0.2203125,113793,114454
1,0.3359375,114626,114957
1,0.60625,115126,115290
1,0.7515625,115459,115623
0,0.6359375,115793
0,0.409375,116126
1,0.2140625,116459,116790
0,0.134375,116959
1,0.1453125,117126,117457
0,0.028125,117793
0,0.0125,117959
1,0.1328125,118126,118290
0,0.30625,118459
1,0.3171875,118626,118957
1,0.3078125,119126,119457
0,0.2859375,119626
0,0.4234375,119793
0,0.43125,119959
1,0.5421875,120126,120290
1,0.75,120459,120790
0,0.759375,120959
1,0.6453125,121126,121447
0,0.7421875,121626
1,0.5765625,121793,121960
1,0.3671875,122126,122293
0,0.11875,122459
1,0.125,122626,122793
1,0.215625,122959,123126
0,0.2515625,123293
1,0.265625,123459,123626
1,0.4984375,123793,123960
0,0.575,124126
1,0.5828125,124293,124460
0,0.7703125,124626
1,0.759375,124793,124960
0,0.540625,125126
0,0.534375,125293
0,0.4171875,125459
1,0.40625,125626,126293
1,0.509375,126459,126626
0,0.6234375,126793
0,0.6359375,126959
1,0.753125,127126,127377
1,0.6796875,127459,127626
1,0.734375,127793,127960
1,0.61875,128126,128293
0,0.4796875,128459
0,0.4734375,128626
1,0.365625,128793,128960
1,0.1578125,129126,129293
0,0.115625,129459
0,0.1046875,129626
1,0.2375,129793,129960
1,0.4640625,130126,130293
0,0.321875,130459
0,0.3265625,130626
1,0.4609375,130793,130960
1,0.7,131126,131460
1,0.7046875,131626,131793
1,0.6515625,131959,132293
1,0.3171875,132459,133789
1,0.3171875,135126,136456
1,0.0328125,137793,138127
0,0.165625,138293
1,0.1734375,138459,138626
0,0.3578125,138793
1,0.353125,138959,139293
1,0.4390625,139459,139626
1,0.6375,139793,140294
1,0.6359375,140459,140793
0,0.503125,141126
0,0.49375,141293
0,0.3953125,141459
0,0.3859375,141626
1,0.2421875,141793,141960
0,0.26875,142126
0,0.15,142293
1,0.103125,142459,142623
1,0.371875,142793,143040
1,0.5375,143126,143458
1,0.6171875,143626,143791
1,0.5796875,143959,144124
1,0.2875,144293,144625
1,0.25,144793,144958
1,0.0140625,145126,145291
0,0.259375,145459
0,0.25625,145626
1,0.390625,145793,146125
1,0.2328125,146293,146458
1,0.3734375,146626,146791
1,0.51875,146959,147291
1,0.7953125,147459,147624
1,0.5984375,147793,147958
0,0.375,148126
0,0.3796875,148293
1,0.30625,148459,148791
1,0.2546875,148959,149124
1,0.0828125,149293,149458
1,0.3421875,149626,149958
1,0.4,150126,150291
1,0.190625,150459,150624
0,0.4375,150793
0,0.4484375,150959
1,0.58125,151126,151458
0,0.7203125,151626
1,0.553125,151793,152125
1,0.66875,152293,152625
1,0.303125,152793,152958
1,0.371875,153126,153291
0,0.3953125,153376
1,0.3953125,153459,153624
1,0.1140625,153793,154016
1,0.2125,154126,154293
1,0.3453125,154459,154791
1,0.6296875,154959,155291
1,0.5609375,155459,155624
1,0.5703125,155793,155958
0,0.3546875,156126
0,0.35,156293
1,0.2359375,156459,156707
1,0.3125,156793,156958
1,0.5,157126,157458
1,0.05625,157626,157958
1,0.19375,158126,158291
1,0.0875,158459,158624
0,0.0640625,158709
1,0.0640625,158793,158958
1,0.246875,159126,159458
0,0.63125,159626
1,0.621875,159792,159957
0,0.471875,160126
1,0.48125,160293,160625
1,0.471875,160793,160958
1,0.24375,161126,161291
0,0.4140625,161459
0,0.41875,161626
1,0.2640625,161793,161958
0,0.215625,162043
1,0.215625,162126,162291
1,0.009375,162459,162791
1,0.165625,162959,163291
1,0.16875,163459,163624
1,0.40625,163793,163958
0,0.5109375,164043
1,0.5109375,164126,164291
1,0.571875,164459,164791
1,0.3953125,165126,165458
1,0.4890625,165793,166125
1,0.2359375,166459,166791
1,0.3921875,167126,167291
1,0.2734375,167459,167624
1,0.43125,167793,167958
1,0.275,168126,168291
1,0.4578125,168459,168624
1,0.3171875,168793,168958
0,0.146875,169126
0,0.1328125,169293
0,0.0296875,169459
0,0.04375,169626
1,0.1625,169793,170124
0,0.009375,170459
0,0,170626
1,0.13125,170793,171124
1,0.4484375,171293,171614
1,0.4,171793,172290
0,0.553125,172459
1,0.7328125,172793,172960
1,0.584375,173126,173293
0,0.503125,173459
0,0.4890625,173626
0,0.3765625,173793
1,0.3640625,173959,174293
1,0.0296875,174459,174626
0,0.03125,174709
1,0.03125,174793,175044
1,0.1359375,175126,175293
0,0.3515625,175459
0,0.346875,175626
1,0.4640625,175793,176044
0,0.4015625,176126
1,0.2875,176293,176460
0,0.453125,176626
1,0.465625,176793,176960
0,0.5625,177043
0,0.5625,177126
0,0.7046875,177459
1,0.5671875,177793,177960
0,0.4625,178126
0,0.453125,178293
1,0.365625,178459,178626
0,0.10625,178793
1,0.11875,178959,179126
1,0.05,179293,179627
1,0.359375,179793,179960
1,0.4734375,180126,180293
0,0.6203125,180459
0,0.6328125,180626
1,0.728125,180793,180960
1,0.6234375,181126,181460
0,0.4265625,181626
1,0.2921875,181793,181960
0,0.3671875,182126
0,0.371875,182293
1,0.225,182459,182793
0,0.3234375,183126
1,0.15625,183459,183626
1,0.2515625,183793,183960
0,0.4203125,184126
0,0.428125,184293
0,0.5328125,184459
1,0.5359375,184626,184960
1,0.7796875,185126,185293
0,0.7609375,185376
1,0.7609375,185459,185710
1,0.784375,185793,185960
0,0.5640625,186126
0,0.5640625,186293
1,0.4171875,186459,186626
0,0.2984375,186793
1,0.2859375,186959,187126
0,0.053125,187293
1,0.0703125,187459,187626
0,0.1671875,187709
1,0.1671875,187793,187960
1,0.3390625,188126,188293
1,0.4328125,188459,188710
1,0.6203125,188793,188960
1,0.765625,189126,189293
0,0.68125,189459
0,0.6734375,189626
0,0.559375,189793
1,0.5453125,189959,190293
1,0.265625,190459,190626
1,0.115625,190793,190960
0,0.090625,191126
0,0.2953125,191459
0,0.4546875,191793
0,0.4421875,191959
0,0.3828125,192126
0,0.3953125,192292
1,0.53125,192459,192624
0,0.671875,192793
0,0.6,192959
1,0.6921875,193126,193290
1,0.6,193459,193623
1,0.3625,193793,194127
1,0.078125,194293,194460
1,0.2515625,194626,194793
1,0.3578125,194959,195293
1,0.04375,195459,195626
1,0.296875,195793,195960
0,0.3765625,196126
0,0.3828125,196292
1,0.51875,196459,196793
1,0.596875,196959,197126
1,0.728125,197293,197460
1,0.5734375,197626,197960
1,0.146875,198126,198293
0,0.2984375,198459
0,0.1671875,198626
0,0.1671875,198709
1,0.1671875,198793,198960
1,0.31875,199126,199460
1,0.15,199626,199793
1,0.3046875,199959,200126
1,0.5984375,200293,200627
1,0.684375,200793,200960
1,0.6109375,201126,201293
0,0.446875,201459
0,0.45625,201626
1,0.340625,201793,202127
0,0.3234375,202293
1,0.1265625,202459,202793
1,0.140625,202960,203294
1,0.24375,203459,203626
0,0.50625,203793
1,0.6125,203959,204124
1,0.4859375,204293,204627
1,0.6,204793,205016
1,0.684375,205126,205349
0,0.7984375,205459
1,0.74375,205626,205960
1,0.425,206126,206293
1,0.2765625,206459,206626
1,0.515625,206793,207042
1,0.46875,207126,207293
1,0.2359375,207459,207626
1,0.015625,207793,208127
0,0.16875,208293
1,0.1828125,208459,208626
1,0.4484375,208793,208960
1,0.2046875,209126,209293
0,0.1984375,209376
1,0.1984375,209460,209627
1,0.471875,209793,210127
1,0.2,210459,210793
1,0.509375,211126,211460
1,0.2359375,211793,212127
1,0.459375,212459,212626
0,0.4171875,212709
1,0.4171875,212793,212960
1,0.6328125,213126,213460
1,0.4,213626,213960
0,0.04375,214126
0,0.1859375,214293
1,0.046875,214459,214626
0,0.0375,214709
1,0.0375,214793,215127
0,0.6796875,221293
0,0.565625,221460
0,0.6875,221627
