1,0.36875,11368,12772
0,0.484375,13122
1,0.6,13473,13824
1,0.553125,14175,14877
1,0.2171875,15227,15929
1,0.328125,16280,16982
1,0.565625,17683,18385
0,0.3046875,18736
1,0.16875,19087,19789
1,0.5171875,20490,21894
0,0.39375,22245
0,0.3375,22596
0,0.11875,23297
0,0.39375,23999
0,0.1359375,24701
0,0.11875,25052
0,0.1671875,25403
0,0.3015625,25754
0,0.5015625,26455
1,0.575,26806,27859
0,0.4265625,28210
0,0.296875,28561
0,0.075,29262
0,0.1015625,29964
1,0.2015625,30315,31017
0,0.1015625,31368
1,0.2234375,32069,32771
1,0.5953125,33122,33473
0,0.6,33824
0,0.4828125,34175
0,0.38125,34876
0,0.246875,35578
1,0.1359375,35929,36631
0,0.4328125,36982
0,0.28125,37683
1,0.20625,38034,39087
0,0.34375,39438
0,0.425,39789
1,0.69375,40490,41192
0,0.6,41543
0,0.475,41894
0,0.3875,42245
1,0.259375,42596,43298
0,0.24375,43999
1,0.359375,44350,44701
0,0.60625,45052
0,0.59375,45403
1,0.325,46104,46806
1,0.50625,47157,47859
0,0.41875,48210
0,0.25625,48911
1,0.38125,49262,50315
0,0.25625,50666
1,0.14375,51017,51719
0,0.23125,52069
1,0.34375,52420,53122
0,0.25625,53473
1,0.3,53824,54526
0,0.39375,54876
0,0.475,55227
1,0.59375,55578,55929
1,0.625,56280,56631
0,0.3953125,56982
0,0.290625,57332
1,0.190625,57683,58736
1,0.315625,59087,59438
0,0.09375,59789
0,0.1734375,60139
1,0.309375,60490,61017
1,0.634375,61368,61895
0,0.60625,62245
0,0.46875,62947
0,0.3359375,63648
1,0.2078125,63999,64350
0,0.0375,64701
0,0.1015625,65052
1,0.35,65754,66456
1,0.275,66806,67157
0,0.434375,67508
1,0.565625,67859,68561
1,0.521875,68911,69613
0,0.3875,69964
0,0.25625,70315
0,0.18125,70666
0,0.05625,71368
1,0.1703125,71718,72245
1,0.45625,72596,73123
0,0.490625,73473
0,0.73125,74175
0,0.50625,74876
0,0.4,75227
1,0.3390625,75578,75929
1,0.128125,76280,76982
0,0.4,77332
1,0.503125,77683,78385
1,0.6625,78736,79087
1,0.4,79438,79789
0,0.375,80139
1,0.2375,80490,80841
0,0.05,81192
0,0.14375,81543
1,0.2640625,81894,82596
1,0.56875,82947,84000
0,0.65,84350
1,0.46875,94175,95228
1,0.53125,95578,96280
0,0.325,96631
0,0.0875,97332
1,0.13125,97683,98034
0,0.2984375,98385
0,0.36875,98736
1,0.25625,99438,100140
0,0.5875,100490
0,0.63125,100841
0,0.73125,101192
1,0.71875,101543,102245
0,0.4,102947
1,0.2625,103297,103999
0,0.19375,104350
0,0.425,105052
1,0.5375,105403,106456
0,0.425,106806
1,0.2890625,107157,107859
0,0.5625,108210
1,0.65,108561,109263
0,0.51875,109613
1,0.3828125,109964,110666
0,0.4109375,111017
0,0.2765625,111368
1,0.1421875,111718,112069
1,0.2359375,112420,112771
0,0.48125,113122
0,0.6125,113473
1,0.6515625,113824,114877
1,0.525,115227,115578
0,0.265625,115929
0,0.1703125,116280
1,0.26875,116631,117158
1,0.59375,117508,118035
0,0.571875,118385
0,0.296875,119087
0,0.471875,119789
1,0.34375,120139,120490
0,0.0875,120841
0,0.1046875,121192
1,0.378125,121894,122596
1,0.31875,122947,123298
0,0.421875,123648
1,0.5421875,123999,124701
1,0.4296875,125052,125754
0,0.5328125,126104
0,0.6671875,126455
0,0.7390625,126806
0,0.5,127508
1,0.3875,127859,128386
1,0.075,128736,129263
0,0.19375,129613
0,0.38125,130315
0,0.54375,131017
0,0.5953125,131368
1,0.584375,131718,132069
1,0.35,132420,133122
0,0.125,133473
1,0.2625,133824,134526
1,0.6375,134876,135227
1,0.71875,135578,135929
0,0.46875,136280
1,0.33125,136631,136982
0,0.10625,137332
0,0.11875,137683
1,0.24375,138034,138736
1,0.6,139087,140140
0,0.628125,140490
0,0.7328125,140841
1,0.50625,141543,142596
0,0.06875,142947
1,0.0671875,143297,144350
1,0.19375,144701,145754
0,0.0703125,146104
1,0.19375,146455,146806
1,0.43125,147157,147859
0,0.5078125,148210
1,0.3703125,148561,149614
0,0.5078125,149964
1,0.5375,150315,151368
0,0.5078125,151718
0,0.4,152069
0,0.30625,152771
0,0.24375,153473
1,0.1546875,153824,154175
0,0.2,154525
0,0.30625,154876
1,0.575,155578,156280
1,0.49375,156631,156982
0,0.3375,157332
1,0.21875,157683,158385
1,0.3375,158736,159438
0,0.35625,159789
0,0.31875,160139
0,0.45,160490
0,0.63125,161192
0,0.55,161543
1,0.425,161894,162947
1,0.725,172420,173122
0,0.384375,173473
1,0.25,173824,174526
1,0.1390625,174876,175227
1,0.225,175578,176982
1,0.1,177332,178034
0,0.20625,178385
1,0.28125,178736,179438
1,0.66875,179789,180842
1,0.53125,181192,182245
1,0.20625,182596,182947
1,0.4640625,183297,183648
1,0.35625,183999,185052
1,0.5875,189262,189964
1,0.1625,190490,191017
1,0.33125,191368,192421
1,0.40625,192947,193825
0,0.75625,194175
