1,0.0453125,15984,16484
1,0.4359375,16859,17109
1,0.571875,17359,17734
1,0.5078125,17984,18484
0,0.228125,18859
0,0.34375,19109
1,0.4546875,19359,19734
1,0.75,19984,20484
1,0.575,20859,21109
1,0.3703125,21359,21734
1,0.3234375,21984,22484
0,0.121875,22734
1,0.03125,22984,23734
1,0.121875,23984,24484
0,0.5171875,24859
0,0.621875,25109
1,0.5109375,25359,25734
1,0.6453125,25984,26484
1,0.6328125,26859,27109
1,0.421875,27359,27734
1,0.14375,27984,28484
0,0.3390625,28859
0,0.43125,29109
1,0.521875,29359,29734
1,0.6203125,29984,30484
0,0.753125,30734
1,0.6578125,30984,31734
1,0.55,31984,32484
0,0.2,32734
1,0.10625,32984,33234
1,0.196875,33484,33734
1,0.3,33984,34359
0,0.59375,34609
1,0.496875,34859,35484
1,0.715625,35984,36359
0,0.6296875,36609
1,0.5234375,36859,37109
0,0.2859375,37359
0,0.1859375,37609
1,0.059375,37984,38484
1,0.2765625,38984,39734
1,0.346875,39984,40484
0,0.5234375,40734
1,0.6265625,40984,41234
0,0.525,41484
1,0.31875,41984,42484
0,0.184375,42734
1,0.0765625,42984,43734
1,0.1890625,43984,44484
0,0.4921875,44734
1,0.575,44984,45234
0,0.49375,45484
0,0.4,45734
1,0.1265625,49984,50234
1,0.1734375,50484,51484
0,0.571875,51734
1,0.665625,51984,52234
0,0.55,52484
0,0.4265625,52734
1,0.35,52984,53984
0,0.4640625,54234
1,0.5546875,54484,54734
1,0.45,54984,55734
0,0.559375,55984
0,0.6609375,56234
0,0.7640625,56484
1,0.565625,56984,57234
1,0.475,57484,57984
0,0.1859375,58234
1,0.08125,58484,58984
0,0.1734375,59234
1,0.2765625,59484,59734
1,0.6890625,63984,64484
0,0.5625,64734
1,0.4734375,64984,65734
1,0.1484375,65984,66234
1,0.075,66484,67484
0,0.2828125,67734
1,0.2109375,67984,68484
0,0.3609375,68734
1,0.45,68984,69984
0,0.3609375,70234
1,0.2453125,70484,70734
1,0.1484375,70984,71734
1,0.25625,71984,72234
1,0.503125,72484,72734
1,0.7171875,72984,73234
0,0.6328125,73484
0,0.534375,73734
1,0.421875,73984,74484
0,0.0890625,74734
1,0.028125,74984,75234
0,0.1515625,75484
1,0.1296875,95984,96484
1,0.2703125,96859,97109
1,0.509375,97359,97734
1,0.4359375,97984,98484
0,0.05,98859
0,0.15,99109
1,0.2578125,99359,99734
1,0.5546875,99984,100234
0,0.69375,100484
1,0.7859375,100859,101109
1,0.6671875,101359,101734
1,0.3734375,101984,102484
1,0.1609375,102859,103109
1,0.0875,103359,103734
1,0.1296875,103984,104484
1,0.540625,104859,105109
1,0.6328125,105359,105734
1,0.6578125,105984,106234
0,0.5203125,106484
1,0.4296875,106859,107109
1,0.3234375,107359,107734
1,0.0453125,107984,108234
0,0.109375,108484
1,0.26875,108859,109109
1,0.346875,109359,109859
1,0.690625,110234,110484
0,0.5984375,110734
1,0.496875,110984,111734
1,0.56875,111984,112484
0,0.4015625,112734
1,0.3125,112984,113234
1,0.0828125,113484,113734
1,0.15,113984,114484
0,0.475,114734
1,0.5578125,114984,115234
1,0.465625,115484,115734
1,0.5828125,115984,116484
0,0.71875,116734
1,0.7859375,116984,117234
0,0.6515625,117484
0,0.5515625,117734
1,0.4484375,117984,118484
0,0.271875,118734
1,0.15625,118984,119734
1,0.046875,119984,120234
0,0.103125,120484
1,0.271875,120859,121234
1,0.5734375,121484,121734
1,0.5125,121984,122484
1,0.2546875,122984,123484
0,0.0859375,123734
1,0.2046875,123984,124484
0,0.328125,124734
1,0.4375,124984,125234
1,0.359375,125484,125734
1,0.4859375,125984,126484
0,0.6578125,126734
1,0.75625,126984,127234
1,0.621875,127484,127734
0,0.4265625,127984
0,0.3078125,128234
1,0.20625,128484,128734
1,0.30625,128984,129734
0,0.196875,129984
0,0.0796875,130234
1,0.05625,130484,130734
1,0.1421875,130984,131484
0,0.4640625,131734
1,0.5625,131984,132234
1,0.4625,132484,132734
0,0.5453125,132984
0,0.6671875,133234
1,0.721875,133484,133734
1,0.646875,133984,134484
0,0.353125,134734
1,0.2515625,134984,135234
1,0.034375,135484,135734
1,0.14375,135984,136484
0,0.4859375,136734
1,0.603125,136984,137234
0,0.759375,137484
0,0.68125,137734
1,0.759375,137984,138234
1,0.640625,138484,138734
1,0.43125,138984,139734
1,0.553125,139984,140234
1,0.4984375,140484,140859
0,0.2234375,141109
1,0.115625,141359,141734
1,0.2046875,141984,142234
0,0.45,142484
1,0.55625,142859,143109
1,0.453125,143359,143734
0,0.1546875,143984
