1,0.13125,8301,9164
1,0.2796875,9455,9744
1,0.5765625,10032,10321
1,0.7078125,10609,10898
0,0.6796875,11042
1,0.6796875,11186,11475
1,0.3671875,11763,12052
1,0.4296875,12340,12629
1,0.3125,12917,13206
0,0.10625,13349
1,0.10625,13494,13783
1,0.1515625,14071,14360
1,0.428125,14648,14937
1,0.528125,15224,15513
0,0.71875,15657
1,0.71875,15801,16090
1,0.74375,16378,16667
1,0.4390625,16955,17244
1,0.4859375,17532,17821
0,0.465625,17965
0,0.465625,18109
0,0.321875,18398
1,0.2109375,18686,19263
0,0.2640625,19407
1,0.353125,19696,20129
1,0.7171875,20417,20706
1,0.715625,20994,21571
0,0.5703125,21859
1,0.484375,22148,22437
0,0.309375,22580
1,0.309375,22724,23013
1,0.3859375,23301,23878
0,0.3109375,24023
1,0.1609375,24311,24744
1,0.140625,25032,25321
1,0.253125,25609,25898
1,0.48125,26186,26475
1,0.7234375,26763,27196
1,0.7734375,27340,27629
1,0.65,27917,28206
0,0.490625,28349
1,0.490625,28494,28783
1,0.471875,28926,29359
1,0.0953125,29648,29937
1,0.2,30224,30513
1,0.4328125,30801,31090
1,0.340625,31378,31811
1,0.4046875,31955,32244
1,0.6796875,32532,32821
0,0.61875,32965
1,0.61875,33109,33398
1,0.4125,33542,33975
1,0.3765625,34263,34552
1,0.6765625,34840,35129
0,0.671875,35273
0,0.5359375,35561
1,0.3875,35849,36138
0,0.3734375,36282
1,0.2390625,36571,36860
1,0.0453125,37148,37437
0,0.05,37580
1,0.05,37724,38013
1,0.290625,38301,38590
1,0.5,38734,39023
0,0.715625,39167
1,0.740625,39455,39744
0,0.565625,39888
0,0.45625,40176
0,0.5546875,40465
1,0.5546875,40609,40898
1,0.525,41042,41331
0,0.334375,41474
1,0.240625,41763,42052
0,0.3,42196
1,0.3,42340,42629
1,0.5328125,42917,43206
0,0.5921875,43350
1,0.5921875,43494,43783
1,0.7921875,44071,44360
0,0.7421875,44648
0,0.5875,44936
1,0.478125,45224,45513
1,0.5375,45657,45946
0,0.471875,46090
1,0.3328125,46378,46667
0,0.1046875,46811
1,0.1046875,46955,47244
1,0.1828125,47532,47821
1,0.390625,47965,48254
0,0.59375,48398
1,0.715625,48686,48975
0,0.6859375,49119
0,0.5390625,49407
0,0.440625,49696
1,0.440625,49840,50129
1,0.5046875,50273,50562
0,0.453125,50705
1,0.2953125,50994,51283
0,0.0796875,51426
1,0.0796875,51571,51860
1,0.121875,52148,52437
0,0.34375,52580
1,0.34375,52724,53013
1,0.5921875,53301,53590
1,0.778125,53734,54023
1,0.721875,54311,54600
0,0.51875,54744
1,0.51875,54888,55177
1,0.2375,55465,55754
0,0.01875,55898
0,0.04375,56186
1,0.04375,56330,56475
1,0.0796875,56619,56908
0,0.2703125,57051
0,0.3828125,57340
0,0.5328125,57628
1,0.5328125,57773,58062
0,0.4859375,58205
0,0.3296875,58494
1,0.3296875,58638,58783
1,0.196875,58926,59215
0,0.1796875,59359
0,0.115625,59648
0,0.234375,59936
1,0.234375,60080,60369
0,0.4515625,60513
0,0.4890625,60801
1,0.4890625,60946,61091
1,0.4828125,61234,61523
0,0.6796875,61667
1,0.7234375,61955,62244
1,0.684375,62388,62677
0,0.4875,62821
0,0.3484375,63109
0,0.21875,63398
0,0.240625,63686
1,0.3859375,63974,64551
1,0.33125,64696,64985
0,0.1328125,65128
1,0.05,65417,65706
1,0.1140625,65849,66138
0,0.321875,66282
1,0.3875,66571,66860
1,0.490625,67148,67725
1,0.7078125,68301,68590
1,0.3484375,69455,69744
1,0.26875,70032,70321
1,0.353125,70609,70898
0,0.6421875,71186
0,0.6609375,71474
1,0.5234375,71763,72052
1,0.25625,72340,72629
1,0.121875,72917,73206
0,0.1671875,73349
1,0.1671875,73494,73783
1,0.4765625,74071,74360
1,0.3984375,74648,74937
1,0.5171875,75224,75513
0,0.7078125,75657
1,0.7078125,75801,76090
1,0.678125,76378,76667
1,0.4609375,76955,77244
1,0.325,77532,77821
1,0.1984375,78109,78398
1,0.0234375,78686,78975
1,0.1484375,79263,79408
0,0.2859375,79551
1,0.2859375,79696,79985
0,0.48125,80128
0,0.6109375,80417
0,0.740625,80705
1,0.7140625,80994,81283
1,0.5859375,81571,81860
1,0.5421875,82003,82292
0,0.3640625,82436
0,0.2359375,82724
0,0.103125,83013
1,0.1328125,83301,84167
0,0.103125,84455
1,0.103125,84599,84888
0,0.1734375,85032
0,0.315625,85321
1,0.315625,85465,85754
0,0.503125,85898
1,0.503125,86042,86331
0,0.4328125,86474
1,0.5109375,86763,87052
0,0.628125,87340
0,0.7515625,87628
0,0.7515625,87773
